world: 39392943-e19b-41c7-9bf6-433ca13a1110
world-name: world
x: 529.412544074687
y: 88.0
z: 41.88576431916248
yaw: -2.2599871158599854
pitch: 27.000036239624023
name: FARM
lastowner: 1930163c-22c6-3118-ba0c-48471060264d
