world: e480abcc-7250-48ad-b734-53e53796f499
world-name: world_the_end
x: -321.3469368702327
y: 59.0
z: 974.5191779569836
yaw: -161.248046875
pitch: 89.39997100830078
name: ss
lastowner: 1930163c-22c6-3118-ba0c-48471060264d
