world: e207201c-2b3d-4e03-8e81-b85cb86d9c24
world-name: world
x: 16.38660043708112
y: 72.9375
z: -19.38766084899206
yaw: -65.8543701171875
pitch: 24.750003814697266
name: SWEETY_JI
lastowner: 1930163c-22c6-3118-ba0c-48471060264d
